tree
version=v3
num_class=1
num_tree_per_iteration=1
label_index=0
max_feature_idx=9
objective=binary sigmoid:1
feature_names=Column_0 Column_1 Column_2 Column_3 Column_4 Column_5 Column_6 Column_7 Column_8 Column_9
feature_infos=[0.0017629366338276498:0.99453165403551747] [0.0025342921669638807:0.99828845850250336] [0.0018131171954777203:0.99924181727113093] [0.00069211065802077254:0.9961783285901733] [0.0044267955543847437:0.99928372995716486] [0.0010253099813918309:0.99287534990861659] [0.0026851236246814292:0.99900824219514284] [0.0014443942960624678:0.99958053871326824] [0.0016417572989115836:0.99944238855378686] [0.00042360562385324041:0.99966691802470964]
tree_sizes=2088 2188 2079 1993 1997 2296 2097 2206 2309 2094

Tree=0
num_leaves=19
num_cat=0
split_feature=1 7 4 4 3 2 0 9 1 2 6 4 2 9 9 1 8 7
split_gain=8.51541 7.5833 8.97138 7.45278 4.88243 9.95208 5.00753 4.7129 6.54684 5.50728 4.53116 4.8582 5.9337 4.39039 3.57286 5.37774 5.18926 2.85244
threshold=0.39230798506576942 0.62311415445827956 0.32251369771336275 0.12152327276651782 0.75418695845225225 0.71984660851402271 0.80020880302140274 0.29266028841576835 0.31191211811083086 0.62178738359422903 0.35472322630652331 0.57560681516592249 0.58744468864561405 0.52428031233989614 0.53490683554216567 0.66638916123958292 0.53287881437524509 0.63830811000965704
decision_type=2 2 2 2 2 2 2 2 2 2 2 2 2 2 2 2 2 2
left_child=4 2 3 -2 6 -6 7 -1 9 17 13 -12 -13 -4 15 -3 -16 -9
right_child=1 14 10 -5 5 -7 -8 8 -10 -11 11 12 -14 -15 16 -17 -18 -19
leaf_value=-0.049744847966627731 0.092026147105630729 0.13169418850382922 0.22069299933312081 -0.064036278921492482 0.024888180353221594 -0.14588720166299068 0.11429592473268955 -0.030689606693474633 -0.052031476919406086 0.13604375444661421 0.15912991214293415 -0.0015112684939591614 0.13169418850382925 0.096027747772992847 0.051394509560107521 0.0056885811916356013 -0.070705613367096035 0.072381925647671153
leaf_weight=8.7464999407529813 6.2474999576807004 5.7476999610662487 6.4973999559879321 5.9975999593734741 8.9963999390602094 5.4977999627590171 5.7476999610662451 5.2478999644517952 6.2474999576807013 6.9971999526023856 6.497399955987933 7.9967999458312971 5.747699961066246 4.9979999661445618 6.4973999559879285 8.2466999441385251 7.4969999492168427 5.4977999627590179
leaf_count=35 25 23 26 24 36 22 23 21 25 28 26 32 23 20 26 33 30 22
internal_value=0.0400053 0.0624032 0.0882974 0.0155874 0.00957807 -0.0398887 0.0282084 0.0130938 0.0360037 0.0670021 0.116351 0.0878763 0.0541928 0.166491 0.0217123 0.0574409 -0.0140163 0.0220447
internal_weight=0 71.9712 43.9824 12.2451 52.9788 14.4942 38.4846 32.7369 23.9904 17.7429 31.7373 20.2419 13.7445 11.4954 27.9888 13.9944 13.9944 10.7457
internal_count=500 288 176 49 212 58 154 131 96 71 127 81 55 46 112 56 56 43
is_linear=0
shrinkage=1


Tree=1
num_leaves=20
num_cat=0
split_feature=7 8 1 0 4 4 9 7 6 1 5 4 1 3 2 6 2 6 1
split_gain=7.26467 10.5735 6.61164 8.33844 7.89804 10.3047 4.58579 11.0326 5.39333 3.90619 3.97862 3.48994 3.90175 3.31742 3.81682 2.40376 2.39535 2.18117 1.55693
threshold=0.769355130519635 0.3592603071263234 0.39230798506576942 0.57817060004582099 0.32251369771336275 0.17181228096607756 0.71541273332018984 0.42003625200505534 0.20410003018087278 0.85929294955646973 0.57094901946288446 0.77610982096804026 0.37710524558176534 0.79956340826485106 0.62178738359422903 0.50808574920633576 0.42592956214122174 0.39822498192715405 0.17672434305685306
decision_type=2 2 2 2 2 2 2 2 2 2 2 2 2 2 2 2 2 2 2
left_child=2 15 3 13 5 -4 8 -8 -6 10 16 12 -3 14 17 -2 -10 -1 -5
right_child=1 11 4 18 6 -7 7 -9 9 -11 -12 -13 -14 -15 -16 -17 -18 -19 -20
leaf_value=-0.11826823589473889 -0.014408517258795798 -0.12158258445150141 0.036516492306244118 0.0098730706711877662 0.15762933208647401 -0.13817021679220201 0.1015106595022402 -0.10396688169469653 -0.0055434730092475959 -0.018898125407409583 0.15006221800665234 -0.15887069571825727 -0.016749752333201692 -0.12006925252682117 0.021447905240601091 0.078322015097151615 0.088314511190082934 -0.03238880209717749 0.075515194636795777
leaf_weight=4.9969401210546547 5.2415923029184359 6.2388063222169903 9.4834132343530637 6.9851760715246183 6.9485411494970348 5.24424885213375 5.4859187602996808 4.9898407608270645 4.9898846298456245 5.2292281091213217 5.4625570327043524 4.9943789690732947 8.2386430799961072 5.4824202358722678 7.9789173156023017 5.9899342209100723 5.9750903099775314 7.245742529630661 7.4852714687585831
leaf_count=20 21 25 38 28 28 21 22 20 20 21 22 20 33 22 32 24 24 29 30
internal_value=0 -0.0422223 0.013805 -0.0168909 0.0367231 -0.0256862 0.060242 0.00363707 0.0809717 0.0563762 0.0803376 -0.0867913 -0.0619256 -0.0510737 -0.0323678 0.035046 0.0456021 -0.0674411 0.0438284
internal_weight=0 30.7034 93.9832 40.1745 53.8087 14.7277 39.0811 10.4758 28.6053 21.6568 16.4275 19.4718 14.4774 25.704 20.2216 11.2315 10.965 12.2427 14.4704
internal_count=500 123 377 161 216 59 157 42 115 87 66 78 58 103 81 45 44 49 58
is_linear=0
shrinkage=0.1


Tree=2
num_leaves=19
num_cat=0
split_feature=7 8 1 5 0 4 4 9 6 6 7 9 6 1 1 7 5 9
split_gain=5.90704 8.5929 5.3968 6.97021 6.86872 6.29165 9.03894 5.73283 3.43619 3.35924 3.31947 2.94127 4.12399 2.91186 2.80788 2.80025 2.54311 2.07192
threshold=0.769355130519635 0.3592603071263234 0.39230798506576942 0.8938993809961816 0.62812600945609554 0.30705314594730154 0.13611850376313053 0.71541273332018984 0.38872133413366611 0.20410003018087278 0.91273432730949955 0.30698583327082352 0.74678950856692605 0.85929294955646973 0.30723637969717071 0.46880873407360713 0.47705173718351057 0.39663144464972649
decision_type=2 2 2 2 2 2 2 2 2 2 2 2 2 2 2 2 2 2
left_child=2 17 4 5 11 6 -4 9 -3 -7 -10 -1 14 15 -13 -11 -6 -2
right_child=1 8 3 -5 16 7 -8 -9 10 13 -12 12 -14 -15 -16 -17 -18 -19
leaf_value=-0.093199396001350715 -0.014309344460086321 -0.026615996449206175 0.031127882350661912 0.13565105212332637 0.0064102978420529609 0.13632609311291 -0.14544549534781526 -0.025162862379020975 -0.15843688912793841 0.034805427588568888 -0.050652544746063434 0.042268328106702828 -0.093033406730993098 -0.016994164061066627 -0.051903331090574281 0.12146550814036966 0.097478359409372523 0.07185280879684984
leaf_weight=8.2137851268053073 5.2375469952821749 7.7283730655908611 6.9737887531518918 5.916626200079917 6.9782331287860853 5.3588514924049404 4.96185602247715 9.4455819278955442 6.7129032611846906 9.3878633379936236 4.9748140126466751 8.7053366750478762 5.7302070111036292 5.2333446145057669 4.9760253876447669 6.185497745871543 5.4701692312955856 5.9743831902742386
leaf_count=33 21 31 28 24 28 22 20 38 27 38 20 35 23 21 20 25 22 24
internal_value=0 -0.0381 0.012498 0.0332939 -0.0152463 0.0205568 -0.0422768 0.0416165 -0.0783503 0.0657234 -0.112559 -0.0430377 -0.0218124 0.0475393 0.00801731 0.0692255 0.0464281 0.031603
internal_weight=0 30.628 93.5372 53.4634 40.0738 47.5468 11.9356 35.6111 19.4161 26.1656 11.6877 27.6254 19.4116 20.8067 13.6814 15.5734 12.4484 11.2119
internal_count=500 123 377 216 161 192 48 144 78 106 47 111 78 84 55 63 50 45
is_linear=0
shrinkage=0.1


Tree=3
num_leaves=18
num_cat=0
split_feature=3 5 7 1 6 4 0 8 8 0 0 2 3 3 5 5 9
split_gain=5.67264 6.43417 5.56429 5.24183 5.3415 7.91747 5.44744 4.49471 5.20592 4.48148 3.46128 3.70586 3.23298 3.30869 2.81022 2.37969 2.37501
threshold=0.93185943255180137 0.047504351743117797 0.93051077639430113 0.38879039598906068 0.34954439968244266 0.53758692916955741 0.43581399327231324 0.63437456614919419 0.45135679852925314 0.62812600945609554 0.7006127928636009 0.53646389543093986 0.75610081096954906 0.46605988757771255 0.61276352068372575 0.47705173718351057 0.47266549649884076
decision_type=2 2 2 2 2 2 2 2 2 2 2 2 2 2 2 2 2
left_child=1 -1 3 9 5 6 -5 8 10 12 11 -6 13 16 -9 -11 -3
right_child=-2 2 -4 4 7 -7 -8 14 -10 15 -12 -13 -14 -15 -16 -17 -18
leaf_value=0.1071887812352048 -0.080744087537452325 -0.098465986678385298 -0.081798204303940109 -0.068150715254639352 -0.026445539429224802 0.13579853117200091 0.073092446950787829 -0.071818064636810716 0.10512208656505979 -0.01067776886495018 -0.063508192399665542 0.094318782848785365 -0.11052489999582488 0.024807792503994629 0.012297866945732079 0.072645509014038753 -0.018220582678363944
leaf_weight=5.926892638206481 8.1242010891437513 6.6988462656736436 7.6915304213762274 4.9179940074682253 4.9677034020423907 9.2098803371191007 6.1392881274223328 9.3549361377954501 6.9146122187376013 7.709531441330908 5.4381637573242179 5.2018429636955261 5.6636986285448065 8.1984007060527784 6.9021805822849265 6.1712784618139267 8.2068700492382032
leaf_count=24 33 27 31 20 20 38 25 38 28 31 22 21 23 33 28 25 33
internal_value=0 0.00571013 0.000211724 0.00641439 0.0257095 0.0673138 0.0102711 0.00396594 0.0328904 -0.0202994 0.000889942 0.0353268 -0.0428165 -0.0262186 -0.0361055 0.026367 -0.054284
internal_weight=0 115.314 109.387 101.695 59.0466 20.2672 11.0573 38.7794 22.5223 42.6486 15.6077 10.1695 28.7678 23.1041 16.2571 13.8808 14.9057
internal_count=500 467 443 412 240 83 45 157 91 172 63 41 116 93 66 56 60
is_linear=0
shrinkage=0.1


Tree=4
num_leaves=18
num_cat=0
split_feature=3 5 7 1 4 4 6 4 8 6 5 5 9 8 4 2 3
split_gain=4.6037 5.26012 4.52264 4.27767 4.93607 10.0757 5.35701 4.38868 4.20605 5.99803 5.57764 9.04965 5.27768 4.53435 2.94833 2.05404 1.76863
threshold=0.93185943255180137 0.047504351743117797 0.93051077639430113 0.38879039598906068 0.32251369771336275 0.17181228096607756 0.34954439968244266 0.72544440308476565 0.59850976053467131 0.16570029432656461 0.36847415135044936 0.57094901946288446 0.52100304807428988 0.75617396405595694 0.53758692916955741 0.67915780079032606 0.50660401081079021
decision_type=2 2 2 2 2 2 2 2 2 2 2 2 2 2 2 2 2
left_child=1 -1 3 8 5 -5 14 15 9 -3 -11 -12 -13 -10 -6 -8 -9
right_child=-2 2 -4 4 6 -7 7 16 13 10 11 12 -14 -15 -16 -17 -18
leaf_value=0.097329555647715615 -0.072764685124925052 -0.13761888997940647 -0.073827988154010912 0.044158116498563368 0.034894573696155486 -0.1188902168719809 0.080720564127634231 -0.057965427491895011 0.095444751173323711 0.054495369254903975 -0.16465337924802018 -0.068976676915814675 0.068907790913164318 -0.020281231996040761 0.12504987038090387 0.0033662066974938752 0.015777727922361918
leaf_weight=5.8769948035478583 8.1139300912618619 5.1970801055431393 7.6706206798553458 8.9249214977025968 6.0712304264307013 6.5874768048524848 9.3718593418598193 7.6819727420806867 5.6698483973741522 7.1773232817649868 4.9092891514301327 5.6827091425657255 5.4269928187131882 8.4044241607189161 9.0114659219980222 5.416808769106864 5.6402066051959991
leaf_count=24 33 21 31 36 25 27 38 31 23 29 20 23 22 34 38 22 23
internal_value=0 0.00517837 0.000202706 0.00581545 0.0233042 -0.0250818 0.0406814 0.0148852 -0.0183604 -0.0405175 -0.0187621 -0.0515852 -0.00162131 0.0263392 0.0887597 0.0523871 -0.0267448
internal_weight=0 114.721 108.844 101.174 58.7059 15.5124 43.1935 28.1108 42.4677 28.3934 23.1963 16.019 11.1097 14.0743 15.0827 14.7887 13.3222
internal_count=500 467 443 412 240 63 177 114 172 115 94 65 45 57 63 60 54
is_linear=0
shrinkage=0.1


Tree=5
num_leaves=21
num_cat=0
split_feature=7 0 0 5 8 4 1 9 5 2 6 0 8 8 7 8 0 7 5 2
split_gain=3.81939 7.08397 5.6613 6.07528 4.3993 4.69013 4.84276 3.84232 6.38813 3.48983 3.40907 3.33033 4.81221 6.35838 4.50195 3.89208 2.6939 1.88257 1.13213 1.10637
threshold=0.62962436903309593 0.14230732079189776 0.085820856090934941 0.91110985492908225 0.943506239834773 0.30705314594730154 0.50487048505434429 0.42814203900508224 0.37978447136860233 0.58963449599782913 0.41563826440688484 0.46549585154412598 0.38240227254145115 0.60507549681447437 0.74577362061355201 0.15665663274598232 0.59134035172539978 0.33562283517479624 0.51492135131036154 0.57384403092852632
decision_type=2 2 2 2 2 2 2 2 2 2 2 2 2 2 2 2 2 2 2 2
left_child=2 -2 -1 4 5 9 7 8 -7 -4 -9 14 15 -14 -3 -13 18 -18 -8 -16
right_child=1 11 3 -5 -6 6 16 10 -10 -11 -12 12 13 -15 19 -17 17 -19 -20 -21
leaf_value=-0.089776578288966624 0.074394571216478272 0.0022121133358394807 0.01339235349287116 0.12491093111832222 -0.075383287232778429 0.041406998106505055 0.14186674225617163 -0.017681164744028526 -0.11823352906320279 -0.083509419896688017 0.087073432485196625 -0.022087152626557013 -0.14571093695216306 -0.0055487953750673084 -0.079307437777748679 0.095027653349521554 0.079179688763771031 -0.0082443722717653375 0.074971653874671529 -0.14359065639629476
leaf_weight=4.8692129254341117 6.6203758865594855 5.3603345602750805 9.0673951953649503 5.2759380489587775 5.1480629593133918 4.9304206669330615 5.3363551795482653 5.364350348711012 5.0988656282424927 6.2979910671710959 7.381369024515152 5.9248360246419924 4.8900486826896659 9.5719158202409726 5.6055459976196271 5.445908710360527 5.0761302858591062 4.7850467413663864 4.8106314241886139 5.1253244131803513
leaf_count=20 27 22 37 22 21 20 22 22 21 26 30 24 20 39 23 22 21 20 20 21
internal_value=0 -0.0217354 0.0144149 0.0218133 0.0132199 0.0210642 0.0380841 0.00654973 -0.0397539 -0.0263259 0.0429849 -0.0369157 -0.0146712 -0.0529421 -0.0726268 0.0340039 0.0739793 0.036758 0.110152 -0.110011
internal_weight=0 48.5443 73.4418 68.5726 63.2966 58.1486 42.7832 22.775 10.0293 15.3654 12.7457 41.9239 25.8327 14.462 16.0912 11.3707 20.0082 9.86118 10.147 10.7309
internal_count=500 198 302 282 260 239 176 93 41 63 52 171 105 59 66 46 83 41 42 44
is_linear=0
shrinkage=0.1


Tree=6
num_leaves=19
num_cat=0
split_feature=3 5 5 0 9 2 0 4 2 5 3 3 2 7 5 3 5 6
split_gain=3.72972 4.14346 3.81419 4.53729 4.794 8.35875 3.72183 4.48139 9.80073 5.27521 5.22293 4.41781 4.95527 4.29998 4.02879 4.90784 3.60255 3.56879
threshold=0.93185943255180137 0.047504351743117797 0.91866597081366919 0.79605589733739845 0.33814872946174934 0.35412363487987314 0.71910697311745608 0.52512847237581051 0.75041677372379667 0.65996048921496275 0.67636327284730646 0.65211070730815834 0.36406179801586364 0.62962436903309593 0.20879540182198461 0.37846205628429308 0.48596144464341334 0.48311242334623522
decision_type=2 2 2 2 2 2 2 2 2 2 2 2 2 2 2 2 2 2
left_child=1 -1 3 6 -5 -6 7 11 9 10 14 13 -13 17 -9 -16 -15 -3
right_child=-2 2 -4 4 5 -7 -8 8 -10 -11 -12 12 -14 16 15 -17 -18 -19
leaf_value=0.087247604544165469 -0.065834590120533928 -0.019833886738667209 0.066119186633622956 0.1053448436537071 0.1059792510347442 -0.054872625513399803 -0.091257997167472626 0.058123515564840578 0.11054076896453098 -0.077895091368981359 0.1022640586448883 0.00017542942421594325 -0.12591666831124948 -0.10490211827013318 0.020783739232660359 -0.1199156898615881 0.0096724385739086136 0.095378243218344691
leaf_weight=5.7708508819341651 8.0282088220119459 5.4021304696798342 8.1294972747564298 6.790720239281657 5.0455276966094962 8.9814541786909086 6.0843286216258994 5.0406295359134736 8.2519375681877118 8.7428266257047635 5.1272593438625327 4.8837371915578833 8.613757371902464 5.8734321594238263 4.8152312785387021 5.1101973503828049 5.1511446833610535 5.3524705469608307
leaf_count=24 33 22 34 28 21 37 25 21 34 36 21 20 36 24 20 21 21 22
internal_value=0 0.00470157 0.000266023 -0.00512705 0.0363754 0.00298605 -0.0161404 -0.0098246 0.0144454 -0.0130539 0.0151592 -0.0353408 -0.0802933 -0.0074818 -0.0146822 -0.0516566 -0.0513681 0.0375062
internal_weight=0 113.167 107.396 99.2668 20.8177 14.027 78.4491 72.3648 37.0881 28.8361 20.0933 35.2767 13.4975 21.7792 14.9661 9.92543 11.0246 10.7546
internal_count=500 467 443 409 86 58 323 298 153 119 83 145 56 89 62 41 45 44
is_linear=0
shrinkage=0.1


Tree=7
num_leaves=20
num_cat=0
split_feature=3 5 5 0 1 3 3 4 4 4 0 2 9 2 1 0 1 8 8
split_gain=3.04074 3.41685 3.11242 3.71447 4.0656 5.02609 4.3519 2.95328 5.57616 4.87432 4.55248 3.62854 3.45952 3.60202 3.40222 3.22202 3.01175 4.01536 2.28805
threshold=0.93185943255180137 0.047504351743117797 0.91866597081366919 0.8970229938689519 0.15491261154338518 0.090990054764892261 0.60141992418284629 0.52963709443922735 0.61670783224026249 0.11280741267647838 0.43581399327231324 0.39018129885717162 0.64827800237969846 0.39018129885717162 0.67623961444414804 0.2259163447478644 0.38879039598906068 0.65867415059077095 0.54665065547853675
decision_type=2 2 2 2 2 2 2 2 2 2 2 2 2 2 2 2 2 2 2
left_child=1 -1 3 4 6 -6 -3 9 -9 -7 11 -11 16 -14 -12 -13 -10 -18 -5
right_child=-2 2 -4 18 5 7 -8 8 12 10 14 15 13 -15 -16 -17 17 -19 -20
leaf_value=0.079837462331204367 -0.05960545024685962 -0.017617271616353018 0.059935734931192725 0.0044189014385357722 -0.095853176869093656 0.059979295879693376 -0.13276866309541002 0.1164877647387732 -0.074519955348936184 -0.0073718257478431254 0.053215512963783435 -0.051337028263815247 0.11352513624188956 -0.00016197635705703445 -0.053089059619648299 -0.16776221321538887 0.060259167806351543 -0.05846256662799687 0.10096711967467271
leaf_weight=5.6805867403745642 7.9828450232744208 8.8229395449161512 8.0742851942777616 4.8078092485666257 5.2827588170766822 6.8678091317415229 5.2260276079177848 5.6799535304307929 6.3218263834714952 5.6227428615093258 7.4848585426807386 4.8238970786333066 5.1337720304727537 6.0964028835296631 5.0364414900541306 4.6862126737833023 6.8786784708499891 4.8627179116010666 5.0148790776729584
leaf_count=24 33 36 34 20 22 28 22 24 26 23 31 20 21 25 21 20 29 20 21
internal_value=0 0.00426641 0.000243999 -0.00464165 -0.0110944 -0.00182128 -0.060452 0.00532665 0.0258078 -0.0154223 -0.034148 -0.0710549 0.00822503 0.0518091 0.0104566 -0.108707 -0.0188718 0.0110904 0.0537107
internal_weight=0 112.405 106.724 98.6497 88.827 74.7781 14.049 69.4953 34.9734 34.522 27.6542 15.1329 29.2934 11.2302 12.5213 9.51011 18.0632 11.7414 9.82269
internal_count=500 467 443 409 368 310 58 288 145 143 115 63 121 46 52 40 75 49 41
is_linear=0
shrinkage=0.1


Tree=8
num_leaves=21
num_cat=0
split_feature=7 0 0 5 7 3 3 0 9 0 1 1 4 4 2 8 0 8 1 7
split_gain=2.64616 5.5587 4.7132 4.2523 3.40053 5.31291 4.09843 3.92281 5.54954 4.28949 2.36305 3.18545 2.25277 2.9968 3.23279 2.08196 1.89954 2.66963 4.07261 0.470425
threshold=0.62962436903309593 0.14230732079189776 0.085820856090934941 0.91110985492908225 0.47696525601956535 0.55886566625648471 0.13214533163702916 0.17741653654659725 0.13380999197690827 0.85024849983865125 0.21501788443408285 0.31191211811083086 0.43505185782286826 0.80011975537521507 0.57384403092852632 0.4432224591052249 0.3426594925638396 0.43719838757446411 0.66875348353034136 0.78792579896855142
decision_type=2 2 2 2 2 2 2 2 2 2 2 2 2 2 2 2 2 2 2 2
left_child=2 -2 -1 4 6 -6 -4 -8 -9 16 19 -12 15 14 -14 -13 -10 -18 -19 -3
right_child=1 10 3 -5 5 -7 7 8 9 -11 11 12 13 -15 -16 -17 17 18 -20 -21
leaf_value=-0.083578482692850231 0.067664504124527333 -0.097901783934172093 -0.079579824059243298 0.10713064542001259 0.11836541906125851 -0.0030909797942363423 0.091089257818825764 -0.09706681208521932 -0.044855995650608285 0.097074385183780823 0.053957420960950186 -0.11476204504960703 0.06429000972549978 -0.075058385451102813 -0.041975957825756083 -0.022922276349044823 0.069991595533037992 0.032809411492603385 -0.084442774877365345 -0.053377384654443021
leaf_weight=4.8017635792493811 6.4966464638710013 4.744882717728613 5.8402306735515586 5.0595527142286292 6.8247906267642957 7.6258856505155563 5.2040168195962897 5.2294558435678473 7.4861022680997911 5.2088024616241446 5.0622241795063045 5.1115417778491992 6.5268481671810168 4.9757460206747046 5.0995157510042191 4.7735059708356857 5.9565695673227337 7.8889708369970304 4.7435068786144257 4.7470372021198273
leaf_count=20 27 20 24 22 29 32 22 22 31 22 21 21 27 21 21 20 25 33 20 20
internal_value=0 -0.0182828 0.0121282 0.0189804 0.0117878 0.0542707 -0.00112093 0.00986292 -0.00171374 0.0142256 -0.0318879 -0.0187263 -0.0326176 -0.0101142 0.01768 -0.0704125 -0.0023244 0.0148037 -0.0112189 -0.0756345
internal_weight=0 47.5379 71.8696 67.0679 62.0083 14.4507 47.5577 41.7174 36.5134 31.284 41.0413 31.5494 26.4872 16.6021 11.6264 9.88505 26.0751 18.589 12.6325 9.49192
internal_count=500 198 302 282 260 61 199 175 153 131 171 131 110 69 48 41 109 78 53 40
is_linear=0
shrinkage=0.1


Tree=9
num_leaves=19
num_cat=0
split_feature=3 5 5 7 8 6 6 2 6 6 4 2 2 4 6 9 4 8
split_gain=2.57993 2.61831 2.87599 3.0783 4.49962 8.06031 5.82785 6.31381 5.03483 4.00035 3.88252 3.69458 3.67705 2.82094 2.8091 2.67835 2.47659 1.27238
threshold=0.93185943255180137 0.047504351743117797 0.1217958153142686 0.95380090298281728 0.45135679852925314 0.16894723764974182 0.6473895174063552 0.39700184635733987 0.33605353535919941 0.85839791723467618 0.69693358016373885 0.53938025321615612 0.42942140841679693 0.32581712524442569 0.65307854686548628 0.44550122360318939 0.45032900191040476 0.23023497098816434
decision_type=2 2 2 2 2 2 2 2 2 2 2 2 2 2 2 2 2 2
left_child=1 -1 -3 4 5 -4 10 -8 -7 -9 15 -12 14 -14 -10 -6 -17 -15
right_child=-2 2 3 -5 6 8 7 9 12 -11 11 -13 13 17 -16 16 -18 -19
leaf_value=0.071127760236004853 -0.055191246820947559 -0.054884448878831253 -0.12059400894636707 -0.067383418952257135 0.1259703023639302 0.080627914572575385 0.05530324618637044 -0.11505989589187865 -0.10800413979220135 0.0050124783895408778 -0.040074598550741247 0.072686509250036876 0.079651864510148843 -0.051602812238989305 -0.0081156181502351887 0.010253139189305044 0.098343438580214382 0.018540332713417644
leaf_weight=5.5163269042968741 7.8965066820383063 8.6228327304124814 6.1723653674125663 5.4820672273635855 8.0475465357303637 6.7935581952333441 7.6270625293254879 6.3392295241355878 5.7601134181022662 4.9344912320375443 6.6733170598745328 5.1465634703636169 4.7955651730298987 4.6972056329250318 5.50706547498703 6.6806862950324994 6.1107940524816513 5.754136860370636
leaf_count=24 33 36 26 23 34 29 32 27 24 21 28 22 20 20 23 28 26 24
internal_value=0 0.00397223 0.000448973 0.00539222 0.00977449 -0.0156317 0.0292284 -0.0149653 0.00381929 -0.0625044 0.0548047 0.00902338 -0.015861 0.0161521 -0.0591816 0.0807718 0.052336 -0.0129845
internal_weight=0 110.661 105.145 96.5218 91.0397 39.48 51.5597 18.9008 33.3076 11.2737 32.6589 11.8199 26.5141 15.2469 11.2672 20.839 12.7915 10.4513
internal_count=500 467 443 407 384 166 218 80 140 48 138 50 111 64 47 88 54 44
is_linear=0
shrinkage=0.1


end of trees

feature_importances:
Column_4=23
Column_5=22
Column_0=20
Column_1=19
Column_2=18
Column_3=17
Column_6=17
Column_7=17
Column_8=17
Column_9=14

parameters:
[boosting: gbdt]
[objective: binary]
[metric: auc]
[tree_learner: serial]
[device_type: cpu]
[linear_tree: 0]
[data: ]
[valid: ]
[num_iterations: 10]
[learning_rate: 0.1]
[num_leaves: 31]
[num_threads: 0]
[deterministic: 0]
[force_col_wise: 0]
[force_row_wise: 0]
[histogram_pool_size: -1]
[max_depth: -1]
[min_data_in_leaf: 20]
[min_sum_hessian_in_leaf: 0.001]
[bagging_fraction: 1]
[pos_bagging_fraction: 1]
[neg_bagging_fraction: 1]
[bagging_freq: 0]
[bagging_seed: 3]
[feature_fraction: 1]
[feature_fraction_bynode: 1]
[feature_fraction_seed: 2]
[extra_trees: 0]
[extra_seed: 6]
[early_stopping_round: 0]
[first_metric_only: 0]
[max_delta_step: 0]
[lambda_l1: 0]
[lambda_l2: 0]
[linear_lambda: 0]
[min_gain_to_split: 0]
[drop_rate: 0.1]
[max_drop: 50]
[skip_drop: 0.5]
[xgboost_dart_mode: 0]
[uniform_drop: 0]
[drop_seed: 4]
[top_rate: 0.2]
[other_rate: 0.1]
[min_data_per_group: 100]
[max_cat_threshold: 32]
[cat_l2: 10]
[cat_smooth: 10]
[max_cat_to_onehot: 4]
[top_k: 20]
[monotone_constraints: ]
[monotone_constraints_method: basic]
[monotone_penalty: 0]
[feature_contri: ]
[forcedsplits_filename: ]
[refit_decay_rate: 0.9]
[cegb_tradeoff: 1]
[cegb_penalty_split: 0]
[cegb_penalty_feature_lazy: ]
[cegb_penalty_feature_coupled: ]
[path_smooth: 0]
[interaction_constraints: ]
[verbosity: 1]
[saved_feature_importance_type: 0]
[max_bin: 255]
[max_bin_by_feature: ]
[min_data_in_bin: 3]
[bin_construct_sample_cnt: 200000]
[data_random_seed: 1]
[is_enable_sparse: 1]
[enable_bundle: 1]
[use_missing: 1]
[zero_as_missing: 0]
[feature_pre_filter: 1]
[pre_partition: 0]
[two_round: 0]
[header: 0]
[label_column: ]
[weight_column: ]
[group_column: ]
[ignore_column: ]
[categorical_feature: ]
[forcedbins_filename: ]
[objective_seed: 5]
[num_class: 1]
[is_unbalance: 0]
[scale_pos_weight: 1]
[sigmoid: 1]
[boost_from_average: 1]
[reg_sqrt: 0]
[alpha: 0.9]
[fair_c: 1]
[poisson_max_delta_step: 0.7]
[tweedie_variance_power: 1.5]
[lambdarank_truncation_level: 30]
[lambdarank_norm: 1]
[label_gain: ]
[eval_at: ]
[multi_error_top_k: 1]
[auc_mu_weights: ]
[num_machines: 1]
[local_listen_port: 12400]
[time_out: 120]
[machine_list_filename: ]
[machines: ]
[gpu_platform_id: -1]
[gpu_device_id: -1]
[gpu_use_dp: 0]
[num_gpu: 1]

end of parameters

pandas_categorical:null
